colsample_bytree: 0.6578729786337969
learning_rate: 0.013777774767707977
max_depth: 3
n_estimators: 498
scale_pos_weight: 1.5365673093652814
subsample: 0.55467985773001
