colsample_bytree: 0.8043994429481697
learning_rate: 0.016975095134839153
max_depth: 3
n_estimators: 336
scale_pos_weight: 1.5814629528373447
subsample: 0.5191945615730621
